%Mat Object: 1 MPI processes
%  type: seqaij
% Size = 36 36 
% Nonzeros = 464 
zzz = zeros(464,3);
zzz = [
1 1  -3.9572506000000002e-01
1 2  0.0000000000000000e+00
1 3  0.0000000000000000e+00
1 4  0.0000000000000000e+00
1 13  -1.4738574682741168e-01
1 14  -7.5678491562727171e-02
1 15  9.2169228359066491e-02
1 16  5.2063034141456528e-02
1 25  -1.4495902405247982e-01
1 26  7.4353660895231627e-02
1 27  -4.9501154743846455e-02
1 28  9.2332787436503763e-02
2 1  0.0000000000000000e+00
2 2  -1.5031380000000000e-01
2 3  0.0000000000000000e+00
2 4  0.0000000000000000e+00
2 13  7.5678491562727171e-02
2 14  2.1913655935371767e-02
2 15  -9.2725286504400262e-02
2 16  -5.2377131098983017e-02
2 25  -7.4353660895231627e-02
2 26  2.1263898799450547e-02
2 27  -4.9624694017239977e-02
2 28  9.2563220959304054e-02
3 1  0.0000000000000000e+00
3 2  0.0000000000000000e+00
3 3  -1.5031380000000000e-01
3 4  0.0000000000000000e+00
3 13  -9.2169228359066491e-02
3 14  -9.2725286504400262e-02
3 15  5.8709203607533199e-02
3 16  6.3790380296540883e-02
3 25  4.9501154743846455e-02
3 26  -4.9624694017239977e-02
3 27  -2.0237548524162940e-02
3 28  -6.1624219562660537e-02
4 1  0.0000000000000000e+00
4 2  0.0000000000000000e+00
4 3  0.0000000000000000e+00
4 4  -1.5031380000000000e-01
4 13  -5.2063034141456528e-02
4 14  -5.2377131098983017e-02
4 15  6.3790380296540883e-02
4 16  -1.8188546620779136e-02
4 25  -9.2332787436503763e-02
4 26  9.2563220959304054e-02
4 27  -6.1624219562660537e-02
4 28  6.1670194474416073e-02
5 5  -3.9572506000000002e-01
5 6  0.0000000000000000e+00
5 7  0.0000000000000000e+00
5 8  0.0000000000000000e+00
5 17  -1.4020891885917466e-01
5 18  1.1148125295695918e-01
5 19  -1.8433214884236777e-02
5 20  -5.3896456195269102e-02
5 21  -1.5437160703373137e-01
5 22  -4.4130294263825545e-02
5 23  -1.1733710182294152e-01
5 24  4.9660277382820972e-02
5 29  -1.3274813911661781e-01
5 30  -7.2771293523183081e-02
5 31  3.6038852865628870e-02
5 32  -8.8285164035151409e-02
5 33  -1.5790024330891070e-01
5 34  6.2419431752510253e-03
5 35  9.7748093847844802e-02
5 36  9.6053987522506559e-02
6 5  0.0000000000000000e+00
6 6  -1.5031380000000000e-01
6 7  0.0000000000000000e+00
6 8  0.0000000000000000e+00
6 17  -1.1148125295695918e-01
6 18  1.2097616602326762e-01
6 19  -2.8506909752906217e-02
6 20  -8.3350702653278097e-02
6 21  4.4130294263825545e-02
6 22  -3.2063795716478632e-02
6 23  6.6185850599768475e-02
6 24  -2.8011665948270609e-02
6 29  7.2771293523183081e-02
6 30  2.8454377759856340e-02
6 31  -3.8132755954878479e-02
6 32  9.3414644110373757e-02
6 33  -6.2419431752510253e-03
6 34  -5.7855375933701790e-02
6 35  7.6514994239591221e-03
6 36  7.5188886173215199e-03
7 5  0.0000000000000000e+00
7 6  0.0000000000000000e+00
7 7  -1.5031380000000000e-01
7 8  0.0000000000000000e+00
7 17  1.8433214884236777e-02
7 18  -2.8506909752906217e-02
7 19  -4.6715682797137295e-02
7 20  1.3781881455469309e-02
7 21  1.1733710182294152e-01
7 22  6.6185850599768475e-02
7 23  1.1902396486494020e-01
7 24  -7.4479623452153351e-02
7 29  -3.6038852865628870e-02
7 30  -3.8132755954878479e-02
7 31  -2.9660365147327238e-02
7 32  -4.6262151620492319e-02
7 33  -9.7748093847844802e-02
7 34  7.6514994239591221e-03
7 35  6.1477597326738638e-02
7 36  1.1774490884689598e-01
8 5  0.0000000000000000e+00
8 6  0.0000000000000000e+00
8 7  0.0000000000000000e+00
8 8  -1.5031380000000000e-01
8 17  5.3896456195269102e-02
8 18  -8.3350702653278097e-02
8 19  1.3781881455469309e-02
8 20  -1.1132717984497879e-02
8 21  -4.9660277382820972e-02
8 22  -2.8011665948270609e-02
8 23  -7.4479623452153351e-02
8 24  -2.5434369176641176e-02
8 29  8.8285164035151409e-02
8 30  9.3414644110373757e-02
8 31  -4.6262151620492319e-02
8 32  6.4784381738494143e-02
8 33  -9.6053987522506559e-02
8 34  7.5188886173215199e-03
8 35  1.1774490884689598e-01
8 36  5.7360249632759451e-02
9 9  -3.9572506000000002e-01
9 10  0.0000000000000000e+00
9 11  0.0000000000000000e+00
9 12  0.0000000000000000e+00
9 13  -1.4495902405247982e-01
9 14  5.6924270772197747e-03
9 15  -8.9142736571567419e-02
9 16  -9.2332787436503749e-02
9 17  -1.4484518287435408e-01
9 18  -7.9978189561154309e-02
9 19  -3.9607956194094338e-02
9 20  9.2297476012692017e-02
9 25  -1.4738574682741154e-01
9 26  -4.1981647424797014e-02
9 27  1.1162411039294118e-01
9 28  -5.2063034141456452e-02
9 29  -1.4738574682741168e-01
9 30  1.1766013898752425e-01
9 31  1.9454882033874809e-02
9 32  5.2063034141456535e-02
10 9  0.0000000000000000e+00
10 10  -1.5031380000000000e-01
10 11  0.0000000000000000e+00
10 12  0.0000000000000000e+00
10 13  -5.6924270772197747e-03
10 14  -5.2838432367219017e-02
10 15  -6.8416931705844938e-03
10 16  -7.0865291500019573e-03
10 17  7.9978189561154309e-02
10 18  3.3069691011426081e-02
10 19  4.2739073215106803e-02
10 20  -9.9593843356759096e-02
10 25  4.1981647424797014e-02
10 26  -3.0792136996508176e-02
10 27  -6.2295582767326586e-02
10 28  2.9055524304383153e-02
10 29  -1.1766013898752425e-01
10 30  1.2981277037549382e-01
10 31  3.0429703737073564e-02
10 32  8.1432655403366264e-02
11 9  0.0000000000000000e+00
11 10  0.0000000000000000e+00
11 11  -1.5031380000000000e-01
11 12  0.0000000000000000e+00
11 13  8.9142736571567419e-02
11 14  -6.8416931705844938e-03
11 15  5.3864782642506659e-02
11 16  1.1097421058819976e-01
11 17  3.9607956194094338e-02
11 18  4.2739073215106803e-02
11 19  -3.2065130477117988e-02
11 20  -4.9322304074659477e-02
11 25  -1.1162411039294118e-01
11 26  -6.2295582767326586e-02
11 27  1.1141499653941304e-01
11 28  -7.7255116257337608e-02
11 29  -1.9454882033874809e-02
11 30  3.0429703737073564e-02
11 31  -4.9189910832588869e-02
11 32  1.3464735960796802e-02
12 9  0.0000000000000000e+00
12 10  0.0000000000000000e+00
12 11  0.0000000000000000e+00
12 12  -1.5031380000000000e-01
12 13  9.2332787436503749e-02
12 14  -7.0865291500019573e-03
12 15  1.1097421058819976e-01
12 16  6.1670194474416053e-02
12 17  -9.2297476012692017e-02
12 18  -9.9593843356759096e-02
12 19  -4.9322304074659477e-02
12 20  6.1703596593376424e-02
12 25  5.2063034141456452e-02
12 26  2.9055524304383153e-02
12 27  -7.7255116257337608e-02
12 28  -1.8188546620779136e-02
12 29  -5.2063034141456535e-02
12 30  8.1432655403366264e-02
12 31  1.3464735960796802e-02
12 32  -1.8188546620779115e-02
13 1  -1.4738574682741168e-01
13 2  7.5678491562727171e-02
13 3  -9.2169228359066491e-02
13 4  -5.2063034141456528e-02
13 9  -1.4495902405247982e-01
13 10  -5.6924270772197747e-03
13 11  8.9142736571567419e-02
13 12  9.2332787436503749e-02
13 13  -8.7883246000000004e-01
13 14  0.0000000000000000e+00
13 15  0.0000000000000000e+00
13 16  0.0000000000000000e+00
14 1  -7.5678491562727171e-02
14 2  2.1913655935371767e-02
14 3  -9.2725286504400262e-02
14 4  -5.2377131098983017e-02
14 9  5.6924270772197747e-03
14 10  -5.2838432367219017e-02
14 11  -6.8416931705844938e-03
14 12  -7.0865291500019573e-03
14 13  0.0000000000000000e+00
14 14  -3.3213166999999999e-01
14 15  0.0000000000000000e+00
14 16  0.0000000000000000e+00
15 1  9.2169228359066491e-02
15 2  -9.2725286504400262e-02
15 3  5.8709203607533199e-02
15 4  6.3790380296540883e-02
15 9  -8.9142736571567419e-02
15 10  -6.8416931705844938e-03
15 11  5.3864782642506659e-02
15 12  1.1097421058819976e-01
15 13  0.0000000000000000e+00
15 14  0.0000000000000000e+00
15 15  -3.3213166999999999e-01
15 16  0.0000000000000000e+00
16 1  5.2063034141456528e-02
16 2  -5.2377131098983017e-02
16 3  6.3790380296540883e-02
16 4  -1.8188546620779136e-02
16 9  -9.2332787436503749e-02
16 10  -7.0865291500019573e-03
16 11  1.1097421058819976e-01
16 12  6.1670194474416053e-02
16 13  0.0000000000000000e+00
16 14  0.0000000000000000e+00
16 15  0.0000000000000000e+00
16 16  -3.3213166999999999e-01
17 5  -1.4020891885917466e-01
17 6  -1.1148125295695918e-01
17 7  1.8433214884236777e-02
17 8  5.3896456195269102e-02
17 9  -1.4484518287435408e-01
17 10  7.9978189561154309e-02
17 11  3.9607956194094338e-02
17 12  -9.2297476012692017e-02
17 17  -8.7883246000000004e-01
