%Mat Object: 32 MPI processes
%  type: mpiaij
% Size = 576 576 
% Nonzeros = 2048 
zzz = zeros(2048,3);
zzz = [
1 1  -1.0000000000000000e+00
1 4  3.1474787846353380e-01
1 115  3.1314679023305569e-01
2 2  -1.0000000000000000e+00
2 5  3.0997744260746052e-01
2 9  3.2155640488113135e-01
2 438  3.1929366093903239e-01
2 440  3.0489732887206494e-01
3 3  -1.0000000000000000e+00
3 4  3.1314679023305581e-01
3 5  3.1307138819470998e-01
3 7  3.1474787846353369e-01
3 8  3.1474787846353380e-01
4 1  3.1474787846353380e-01
4 3  3.1314679023305581e-01
4 4  -1.0000000000000000e+00
5 2  3.0997744260746052e-01
5 3  3.1307138819470998e-01
5 5  -1.0000000000000000e+00
6 6  -1.0000000000000000e+00
6 10  3.1314679023305581e-01
6 146  3.1929366093903244e-01
7 3  3.1474787846353369e-01
7 7  -1.0000000000000000e+00
7 37  3.1314679023305581e-01
8 3  3.1474787846353380e-01
8 8  -1.0000000000000000e+00
8 146  3.0489732887206511e-01
9 2  3.2155640488113135e-01
9 9  -1.0000000000000000e+00
9 46  3.1474787846353380e-01
10 6  3.1314679023305581e-01
10 10  -1.0000000000000000e+00
10 13  3.1474787846353380e-01
10 117  3.1474787846353364e-01
10 124  3.1314679023305569e-01
11 11  -1.0000000000000000e+00
11 14  3.0997744260746052e-01
11 18  3.2155640488113135e-01
11 447  3.1929366093903233e-01
11 449  3.0489732887206511e-01
12 12  -1.0000000000000000e+00
12 13  3.1314679023305581e-01
12 14  3.1307138819471003e-01
12 16  3.1474787846353369e-01
12 17  3.1474787846353380e-01
13 10  3.1474787846353380e-01
13 12  3.1314679023305581e-01
13 13  -1.0000000000000000e+00
14 11  3.0997744260746052e-01
14 12  3.1307138819471003e-01
14 14  -1.0000000000000000e+00
15 15  -1.0000000000000000e+00
15 19  3.1314679023305581e-01
15 155  3.1929366093903239e-01
16 12  3.1474787846353369e-01
16 16  -1.0000000000000000e+00
16 46  3.1314679023305581e-01
17 12  3.1474787846353380e-01
17 17  -1.0000000000000000e+00
17 155  3.0489732887206517e-01
18 11  3.2155640488113135e-01
18 18  -1.0000000000000000e+00
18 55  3.1474787846353369e-01
19 15  3.1314679023305581e-01
19 19  -1.0000000000000000e+00
19 22  3.1474787846353386e-01
19 126  3.1474787846353358e-01
19 133  3.1314679023305569e-01
20 20  -1.0000000000000000e+00
20 23  3.0997744260746041e-01
20 27  3.2155640488113135e-01
20 456  3.1929366093903244e-01
20 458  3.0489732887206489e-01
21 21  -1.0000000000000000e+00
21 22  3.1314679023305558e-01
21 23  3.1307138819471020e-01
21 25  3.1474787846353364e-01
21 26  3.1474787846353386e-01
22 19  3.1474787846353386e-01
22 21  3.1314679023305558e-01
22 22  -1.0000000000000000e+00
23 20  3.0997744260746041e-01
23 21  3.1307138819471020e-01
23 23  -1.0000000000000000e+00
24 24  -1.0000000000000000e+00
24 28  3.1314679023305603e-01
24 164  3.1929366093903250e-01
25 21  3.1474787846353364e-01
25 25  -1.0000000000000000e+00
25 55  3.1314679023305581e-01
26 21  3.1474787846353386e-01
26 26  -1.0000000000000000e+00
26 164  3.0489732887206494e-01
27 20  3.2155640488113135e-01
27 27  -1.0000000000000000e+00
27 64  3.1474787846353403e-01
28 24  3.1314679023305603e-01
28 28  -1.0000000000000000e+00
28 31  3.1474787846353369e-01
28 135  3.1474787846353386e-01
28 142  3.1314679023305569e-01
29 29  -1.0000000000000000e+00
29 32  3.0997744260746041e-01
29 36  3.2155640488113135e-01
29 465  3.1929366093903261e-01
29 467  3.0489732887206461e-01
30 30  -1.0000000000000000e+00
30 31  3.1314679023305581e-01
30 32  3.1307138819471020e-01
30 34  3.1474787846353364e-01
30 35  3.1474787846353403e-01
31 28  3.1474787846353369e-01
31 30  3.1314679023305581e-01
31 31  -1.0000000000000000e+00
32 29  3.0997744260746041e-01
32 30  3.1307138819471020e-01
32 32  -1.0000000000000000e+00
33 33  -1.0000000000000000e+00
33 173  3.1929366093903261e-01
34 30  3.1474787846353364e-01
34 34  -1.0000000000000000e+00
34 64  3.1314679023305581e-01
35 30  3.1474787846353403e-01
35 35  -1.0000000000000000e+00
35 173  3.0489732887206472e-01
36 29  3.2155640488113135e-01
36 36  -1.0000000000000000e+00
37 7  3.1314679023305581e-01
37 37  -1.0000000000000000e+00
37 40  3.1474787846353380e-01
38 38  -1.0000000000000000e+00
38 41  3.0997744260746052e-01
38 45  3.2155640488113130e-01
38 474  3.1929366093903261e-01
38 476  3.0489732887206511e-01
39 39  -1.0000000000000000e+00
39 40  3.1314679023305581e-01
39 41  3.1307138819471003e-01
39 43  3.1474787846353364e-01
39 44  3.1474787846353375e-01
40 37  3.1474787846353380e-01
40 39  3.1314679023305581e-01
40 40  -1.0000000000000000e+00
41 38  3.0997744260746052e-01
41 39  3.1307138819471003e-01
41 41  -1.0000000000000000e+00
42 42  -1.0000000000000000e+00
42 46  3.1314679023305581e-01
42 182  3.1929366093903255e-01
43 39  3.1474787846353364e-01
43 43  -1.0000000000000000e+00
43 73  3.1314679023305581e-01
44 39  3.1474787846353375e-01
44 44  -1.0000000000000000e+00
44 182  3.0489732887206505e-01
45 38  3.2155640488113130e-01
45 45  -1.0000000000000000e+00
45 82  3.1474787846353380e-01
46 9  3.1474787846353380e-01
46 16  3.1314679023305581e-01
46 42  3.1314679023305581e-01
46 46  -1.0000000000000000e+00
46 49  3.1474787846353380e-01
47 47  -1.0000000000000000e+00
47 50  3.0997744260746057e-01
47 54  3.2155640488113130e-01
47 483  3.1929366093903250e-01
47 485  3.0489732887206517e-01
48 48  -1.0000000000000000e+00
48 49  3.1314679023305581e-01
48 50  3.1307138819471009e-01
48 52  3.1474787846353364e-01
48 53  3.1474787846353375e-01
49 46  3.1474787846353380e-01
49 48  3.1314679023305581e-01
49 49  -1.0000000000000000e+00
50 47  3.0997744260746057e-01
50 48  3.1307138819471009e-01
50 50  -1.0000000000000000e+00
51 51  -1.0000000000000000e+00
51 55  3.1314679023305581e-01
51 191  3.1929366093903244e-01
52 48  3.1474787846353364e-01
52 52  -1.0000000000000000e+00
52 82  3.1314679023305581e-01
53 48  3.1474787846353375e-01
53 53  -1.0000000000000000e+00
53 191  3.0489732887206517e-01
54 47  3.2155640488113130e-01
54 54  -1.0000000000000000e+00
54 91  3.1474787846353369e-01
55 18  3.1474787846353369e-01
55 25  3.1314679023305581e-01
55 51  3.1314679023305581e-01
55 55  -1.0000000000000000e+00
55 58  3.1474787846353386e-01
56 56  -1.0000000000000000e+00
56 59  3.0997744260746046e-01
56 63  3.2155640488113130e-01
56 492  3.1929366093903261e-01
56 494  3.0489732887206494e-01
57 57  -1.0000000000000000e+00
57 58  3.1314679023305558e-01
57 59  3.1307138819471020e-01
57 61  3.1474787846353358e-01
57 62  3.1474787846353386e-01
58 55  3.1474787846353386e-01
58 57  3.1314679023305558e-01
58 58  -1.0000000000000000e+00
59 56  3.0997744260746046e-01
59 57  3.1307138819471020e-01
59 59  -1.0000000000000000e+00
60 60  -1.0000000000000000e+00
60 64  3.1314679023305603e-01
60 200  3.1929366093903261e-01
61 57  3.1474787846353358e-01
61 61  -1.0000000000000000e+00
61 91  3.1314679023305581e-01
62 57  3.1474787846353386e-01
62 62  -1.0000000000000000e+00
62 200  3.0489732887206494e-01
63 56  3.2155640488113130e-01
63 63  -1.0000000000000000e+00
63 100  3.1474787846353403e-01
64 27  3.1474787846353403e-01
64 34  3.1314679023305581e-01
64 60  3.1314679023305603e-01
64 64  -1.0000000000000000e+00
64 67  3.1474787846353369e-01
65 65  -1.0000000000000000e+00
65 68  3.0997744260746046e-01
65 72  3.2155640488113130e-01
65 501  3.1929366093903278e-01
65 503  3.0489732887206472e-01
66 66  -1.0000000000000000e+00
66 67  3.1314679023305581e-01
66 68  3.1307138819471020e-01
66 70  3.1474787846353358e-01
66 71  3.1474787846353391e-01
67 64  3.1474787846353369e-01
67 66  3.1314679023305581e-01
67 67  -1.0000000000000000e+00
68 65  3.0997744260746046e-01
68 66  3.1307138819471020e-01
68 68  -1.0000000000000000e+00
69 69  -1.0000000000000000e+00
69 209  3.1929366093903278e-01
70 66  3.1474787846353358e-01
70 70  -1.0000000000000000e+00
70 100  3.1314679023305581e-01
71 66  3.1474787846353391e-01
71 71  -1.0000000000000000e+00
71 209  3.0489732887206467e-01
72 65  3.2155640488113130e-01
72 72  -1.0000000000000000e+00
73 43  3.1314679023305581e-01
73 73  -1.0000000000000000e+00
73 76  3.1474787846353380e-01
74 74  -1.0000000000000000e+00
74 77  3.0997744260746052e-01
