%Vec Object:Vec_0x84000004_1 32 MPI processes
%  type: mpi
Vec_0x84000004_1 = [
1.9137115594652534e+00
3.6787214480817636e+00
2.6910683840445468e+00
-1.9558347121155131e+00
-2.5865487164245589e+00
-2.7721044854924863e+00
-2.8150990939122873e+00
-2.7968848640837538e+00
-2.9765896672709600e+00
4.1783788565648896e+00
4.8718141183476522e+00
4.8020711812985875e+00
-3.6948948731394422e+00
-3.7228713899773549e+00
-3.7763333920996862e+00
-3.7467017415363069e+00
-3.7250653456838472e+00
-3.8124070499982938e+00
4.0327551584856476e+00
3.7137021668054437e+00
2.7989190225661393e+00
-2.0186724348803549e+00
-2.5923712909487366e+00
-2.7700830643899095e+00
-2.8122738889930003e+00
-2.9215804732994894e+00
-2.9784125262760193e+00
4.1787073200772653e+00
4.9071797688260093e+00
4.8027117824903787e+00
-3.6947533972899671e+00
-3.7264841838979996e+00
-3.7877426651833814e+00
-3.7469943161992232e+00
-3.7289139920329064e+00
-3.7825002336890394e+00
1.9137115594652541e+00
3.6787214480817640e+00
2.6910683840445486e+00
-1.9558347121155149e+00
-2.5865487164245597e+00
-2.7721044854924868e+00
-2.8150990939122891e+00
-2.7968848640837538e+00
-2.9765896672709578e+00
4.1783788565648923e+00
4.8718141183476540e+00
4.8020711812985875e+00
-3.6948948731394422e+00
-3.7228713899773549e+00
-3.7763333920996853e+00
-3.7467017415363064e+00
-3.7250653456838463e+00
-3.8124070499982947e+00
4.0327551584856476e+00
3.7137021668054442e+00
2.7989190225661376e+00
-2.0186724348803540e+00
-2.5923712909487375e+00
-2.7700830643899081e+00
-2.8122738889930008e+00
-2.9215804732994894e+00
-2.9784125262760179e+00
4.1787073200772653e+00
4.9071797688260110e+00
4.8027117824903769e+00
-3.6947533972899662e+00
-3.7264841838979996e+00
-3.7877426651833814e+00
-3.7469943161992236e+00
-3.7289139920329060e+00
-3.7825002336890408e+00
1.9137115594652541e+00
3.6787214480817632e+00
2.6910683840445482e+00
-1.9558347121155142e+00
-2.5865487164245589e+00
-2.7721044854924863e+00
-2.8150990939122877e+00
-2.7968848640837529e+00
-2.9765896672709582e+00
4.1783788565648905e+00
4.8718141183476531e+00
4.8020711812985892e+00
-3.6948948731394422e+00
-3.7228713899773553e+00
-3.7763333920996862e+00
-3.7467017415363069e+00
-3.7250653456838476e+00
-3.8124070499982938e+00
4.0327551584856485e+00
3.7137021668054446e+00
2.7989190225661393e+00
-2.0186724348803553e+00
-2.5923712909487380e+00
-2.7700830643899086e+00
-2.8122738889930008e+00
-2.9215804732994886e+00
-2.9784125262760202e+00
4.1787073200772653e+00
4.9071797688260101e+00
4.8027117824903787e+00
-3.6947533972899667e+00
-3.7264841838979996e+00
-3.7877426651833814e+00
-3.7469943161992232e+00
-3.7289139920329069e+00
-3.7825002336890412e+00
1.9137115594652543e+00
3.6787214480817632e+00
2.6910683840445482e+00
-1.9558347121155149e+00
-2.5865487164245589e+00
-2.7721044854924846e+00
-2.8150990939122877e+00
-2.7968848640837529e+00
-2.9765896672709582e+00
4.1783788565648914e+00
4.8718141183476531e+00
4.8020711812985883e+00
-3.6948948731394422e+00
-3.7228713899773553e+00
-3.7763333920996858e+00
-3.7467017415363060e+00
-3.7250653456838476e+00
-3.8124070499982929e+00
4.0327551584856485e+00
3.7137021668054455e+00
2.7989190225661402e+00
-2.0186724348803549e+00
-2.5923712909487380e+00
-2.7700830643899086e+00
-2.8122738889930017e+00
-2.9215804732994912e+00
-2.9784125262760197e+00
4.1787073200772671e+00
4.9071797688260110e+00
4.8027117824903778e+00
-3.6947533972899671e+00
-3.7264841838979996e+00
-3.7877426651833814e+00
-3.7469943161992236e+00
-3.7289139920329069e+00
-3.7825002336890408e+00
1.9137115594652545e+00
3.6787214480817645e+00
2.6910683840445482e+00
-1.9558347121155144e+00
-2.5865487164245584e+00
-2.7721044854924846e+00
-2.8150990939122873e+00
-2.7968848640837529e+00
-2.9765896672709591e+00
4.1783788565648905e+00
4.8718141183476540e+00
4.8020711812985883e+00
-3.6948948731394426e+00
-3.7228713899773549e+00
-3.7763333920996853e+00
-3.7467017415363055e+00
-3.7250653456838467e+00
-3.8124070499982938e+00
4.0327551584856476e+00
3.7137021668054446e+00
2.7989190225661384e+00
-2.0186724348803544e+00
-2.5923712909487371e+00
-2.7700830643899077e+00
-2.8122738889930008e+00
-2.9215804732994890e+00
-2.9784125262760188e+00
4.1787073200772644e+00
4.9071797688260101e+00
4.8027117824903787e+00
-3.6947533972899667e+00
-3.7264841838979996e+00
-3.7877426651833819e+00
-3.7469943161992232e+00
-3.7289139920329073e+00
-3.7825002336890399e+00
1.9137115594652538e+00
3.6787214480817645e+00
2.6910683840445473e+00
-1.9558347121155142e+00
-2.5865487164245589e+00
-2.7721044854924872e+00
-2.8150990939122877e+00
-2.7968848640837538e+00
-2.9765896672709600e+00
4.1783788565648896e+00
4.8718141183476522e+00
4.8020711812985875e+00
-3.6948948731394422e+00
-3.7228713899773549e+00
-3.7763333920996853e+00
-3.7467017415363064e+00
-3.7250653456838467e+00
-3.8124070499982943e+00
4.0327551584856476e+00
3.7137021668054442e+00
2.7989190225661371e+00
-2.0186724348803540e+00
-2.5923712909487371e+00
-2.7700830643899081e+00
-2.8122738889930008e+00
-2.9215804732994890e+00
-2.9784125262760193e+00
4.1787073200772644e+00
4.9071797688260110e+00
4.8027117824903778e+00
-3.6947533972899658e+00
-3.7264841838979996e+00
-3.7877426651833819e+00
-3.7469943161992236e+00
-3.7289139920329060e+00
-3.7825002336890408e+00
1.9137115594652534e+00
3.6787214480817632e+00
2.6910683840445500e+00
-1.9558347121155146e+00
-2.5865487164245597e+00
-2.7721044854924859e+00
-2.8150990939122886e+00
-2.7968848640837534e+00
-2.9765896672709582e+00
4.1783788565648923e+00
4.8718141183476540e+00
4.8020711812985883e+00
-3.6948948731394422e+00
-3.7228713899773553e+00
-3.7763333920996867e+00
-3.7467017415363069e+00
-3.7250653456838472e+00
-3.8124070499982938e+00
4.0327551584856476e+00
3.7137021668054442e+00
2.7989190225661398e+00
-2.0186724348803549e+00
-2.5923712909487375e+00
-2.7700830643899086e+00
-2.8122738889930012e+00
-2.9215804732994894e+00
-2.9784125262760206e+00
4.1787073200772662e+00
4.9071797688260110e+00
4.8027117824903787e+00
-3.6947533972899662e+00
-3.7264841838980001e+00
-3.7877426651833814e+00
-3.7469943161992232e+00
-3.7289139920329069e+00
-3.7825002336890412e+00
1.9137115594652545e+00
3.6787214480817645e+00
2.6910683840445464e+00
-1.9558347121155140e+00
-2.5865487164245589e+00
-2.7721044854924859e+00
-2.8150990939122877e+00
-2.7968848640837529e+00
-2.9765896672709595e+00
4.1783788565648923e+00
4.8718141183476540e+00
4.8020711812985875e+00
-3.6948948731394422e+00
-3.7228713899773553e+00
-3.7763333920996867e+00
-3.7467017415363064e+00
-3.7250653456838472e+00
-3.8124070499982934e+00
4.0327551584856494e+00
3.7137021668054446e+00
2.7989190225661389e+00
-2.0186724348803549e+00
-2.5923712909487371e+00
-2.7700830643899081e+00
-2.8122738889930012e+00
-2.9215804732994899e+00
-2.9784125262760193e+00
4.1787073200772671e+00
4.9071797688260110e+00
4.8027117824903769e+00
-3.6947533972899671e+00
-3.7264841838979992e+00
-3.7877426651833814e+00
-3.7469943161992236e+00
-3.7289139920329069e+00
-3.7825002336890408e+00
1.9137115594652532e+00
3.6787214480817627e+00
2.6910683840445473e+00
-1.9558347121155131e+00
-2.5865487164245597e+00
-2.7721044854924872e+00
-2.8150990939122877e+00
-2.7968848640837538e+00
-2.9765896672709578e+00
4.1783788565648887e+00
4.8718141183476531e+00
4.8020711812985875e+00
-3.6948948731394418e+00
-3.7228713899773558e+00
-3.7763333920996853e+00
-3.7467017415363069e+00
-3.7250653456838454e+00
-3.8124070499982934e+00
4.0327551584856476e+00
3.7137021668054420e+00
2.7989190225661371e+00
-2.0186724348803544e+00
-2.5923712909487362e+00
-2.7700830643899086e+00
-2.8122738889930008e+00
-2.9215804732994894e+00
-2.9784125262760179e+00
4.1787073200772644e+00
4.9071797688260110e+00
4.8027117824903769e+00
-3.6947533972899658e+00
-3.7264841838979992e+00
-3.7877426651833810e+00
-3.7469943161992232e+00
-3.7289139920329060e+00
-3.7825002336890408e+00
1.9137115594652545e+00
3.6787214480817649e+00
2.6910683840445482e+00
-1.9558347121155144e+00
-2.5865487164245584e+00
-2.7721044854924868e+00
-2.8150990939122886e+00
-2.7968848640837534e+00
-2.9765896672709591e+00
4.1783788565648923e+00
