%Vec Object:Vec_0x84000004_0 32 MPI processes
%  type: mpi
Vec_0x84000004_0 = [
-3.6026438360244861e-01
-1.8240171454681708e-01
6.4594174001979665e-01
2.0447168442554240e+00
2.7322341766630247e+00
2.6310515892694766e+00
2.9055922508341645e+00
2.9445798608190188e+00
2.8347006271378521e+00
-2.6445484228711758e-01
-4.4186390955459531e-01
-4.3776416135227203e-01
3.4745738305736338e+00
3.4488521116166382e+00
3.5843235631494879e+00
3.5261032154595107e+00
3.4525568788826875e+00
3.6191370192571699e+00
-1.6262495807086808e-01
-1.7868268688770805e-01
6.3221679626544347e-01
2.1654632348242773e+00
2.7349126786758902e+00
2.6303998765974939e+00
2.9603373007148832e+00
3.0660894947053041e+00
2.8379025415888135e+00
-2.6387285811909167e-01
-4.5240007321215003e-01
-4.3804358280800582e-01
3.4745280330743591e+00
3.4491114536087828e+00
3.6432941895983877e+00
3.5264900892862219e+00
3.4531051297656101e+00
3.6370280925789800e+00
-3.6026438360244839e-01
-1.8240171454681708e-01
6.4594174001979532e-01
2.0447168442554253e+00
2.7322341766630251e+00
2.6310515892694766e+00
2.9055922508341658e+00
2.9445798608190188e+00
2.8347006271378499e+00
-2.6445484228711913e-01
-4.4186390955459554e-01
-4.3776416135227225e-01
3.4745738305736333e+00
3.4488521116166382e+00
3.5843235631494874e+00
3.5261032154595107e+00
3.4525568788826866e+00
3.6191370192571708e+00
-1.6262495807086808e-01
-1.7868268688770850e-01
6.3221679626544525e-01
2.1654632348242768e+00
2.7349126786758911e+00
2.6303998765974925e+00
2.9603373007148841e+00
3.0660894947053046e+00
2.8379025415888122e+00
-2.6387285811909234e-01
-4.5240007321215003e-01
-4.3804358280800537e-01
3.4745280330743582e+00
3.4491114536087828e+00
3.6432941895983877e+00
3.5264900892862223e+00
3.4531051297656097e+00
3.6370280925789813e+00
-3.6026438360244839e-01
-1.8240171454681664e-01
6.4594174001979576e-01
2.0447168442554249e+00
2.7322341766630247e+00
2.6310515892694770e+00
2.9055922508341649e+00
2.9445798608190179e+00
2.8347006271378503e+00
-2.6445484228711824e-01
-4.4186390955459598e-01
-4.3776416135227203e-01
3.4745738305736338e+00
3.4488521116166386e+00
3.5843235631494883e+00
3.5261032154595111e+00
3.4525568788826879e+00
3.6191370192571699e+00
-1.6262495807086808e-01
-1.7868268688770961e-01
6.3221679626544347e-01
2.1654632348242777e+00
2.7349126786758906e+00
2.6303998765974930e+00
2.9603373007148837e+00
3.0660894947053032e+00
2.8379025415888135e+00
-2.6387285811909189e-01
-4.5240007321215048e-01
-4.3804358280800582e-01
3.4745280330743586e+00
3.4491114536087824e+00
3.6432941895983877e+00
3.5264900892862219e+00
3.4531051297656106e+00
3.6370280925789813e+00
-3.6026438360244861e-01
-1.8240171454681731e-01
6.4594174001979532e-01
2.0447168442554253e+00
2.7322341766630243e+00
2.6310515892694748e+00
2.9055922508341645e+00
2.9445798608190179e+00
2.8347006271378508e+00
-2.6445484228711891e-01
-4.4186390955459576e-01
-4.3776416135227247e-01
3.4745738305736333e+00
3.4488521116166386e+00
3.5843235631494874e+00
3.5261032154595107e+00
3.4525568788826879e+00
3.6191370192571690e+00
-1.6262495807086785e-01
-1.7868268688771005e-01
6.3221679626544258e-01
2.1654632348242768e+00
2.7349126786758902e+00
2.6303998765974925e+00
2.9603373007148841e+00
3.0660894947053050e+00
2.8379025415888135e+00
-2.6387285811909278e-01
-4.5240007321215070e-01
-4.3804358280800582e-01
3.4745280330743586e+00
3.4491114536087824e+00
3.6432941895983877e+00
3.5264900892862223e+00
3.4531051297656106e+00
3.6370280925789809e+00
-3.6026438360244906e-01
-1.8240171454681708e-01
6.4594174001979576e-01
2.0447168442554249e+00
2.7322341766630238e+00
2.6310515892694752e+00
2.9055922508341645e+00
2.9445798608190179e+00
2.8347006271378516e+00
-2.6445484228711891e-01
-4.4186390955459598e-01
-4.3776416135227247e-01
3.4745738305736338e+00
3.4488521116166382e+00
3.5843235631494874e+00
3.5261032154595102e+00
3.4525568788826870e+00
3.6191370192571699e+00
-1.6262495807086852e-01
-1.7868268688770916e-01
6.3221679626544480e-01
2.1654632348242773e+00
2.7349126786758906e+00
2.6303998765974925e+00
2.9603373007148841e+00
3.0660894947053046e+00
2.8379025415888131e+00
-2.6387285811909189e-01
-4.5240007321215048e-01
-4.3804358280800604e-01
3.4745280330743586e+00
3.4491114536087824e+00
3.6432941895983881e+00
3.5264900892862219e+00
3.4531051297656106e+00
3.6370280925789800e+00
-3.6026438360244883e-01
-1.8240171454681664e-01
6.4594174001979621e-01
2.0447168442554249e+00
2.7322341766630247e+00
2.6310515892694779e+00
2.9055922508341649e+00
2.9445798608190188e+00
2.8347006271378521e+00
-2.6445484228711758e-01
-4.4186390955459531e-01
-4.3776416135227203e-01
3.4745738305736338e+00
3.4488521116166382e+00
3.5843235631494874e+00
3.5261032154595107e+00
3.4525568788826870e+00
3.6191370192571704e+00
-1.6262495807086852e-01
-1.7868268688770872e-01
6.3221679626544480e-01
2.1654632348242768e+00
2.7349126786758906e+00
2.6303998765974925e+00
2.9603373007148837e+00
3.0660894947053041e+00
2.8379025415888135e+00
-2.6387285811909167e-01
-4.5240007321215003e-01
-4.3804358280800515e-01
3.4745280330743582e+00
3.4491114536087828e+00
3.6432941895983881e+00
3.5264900892862228e+00
3.4531051297656097e+00
3.6370280925789813e+00
-3.6026438360244795e-01
-1.8240171454681664e-01
6.4594174001979443e-01
2.0447168442554249e+00
2.7322341766630251e+00
2.6310515892694761e+00
2.9055922508341654e+00
2.9445798608190179e+00
2.8347006271378503e+00
-2.6445484228711891e-01
-4.4186390955459576e-01
-4.3776416135227203e-01
3.4745738305736338e+00
3.4488521116166386e+00
3.5843235631494883e+00
3.5261032154595107e+00
3.4525568788826875e+00
3.6191370192571699e+00
-1.6262495807086763e-01
-1.7868268688770916e-01
6.3221679626544347e-01
2.1654632348242773e+00
2.7349126786758906e+00
2.6303998765974930e+00
2.9603373007148841e+00
3.0660894947053041e+00
2.8379025415888144e+00
-2.6387285811909211e-01
-4.5240007321215048e-01
-4.3804358280800582e-01
3.4745280330743582e+00
3.4491114536087828e+00
3.6432941895983877e+00
3.5264900892862219e+00
3.4531051297656106e+00
3.6370280925789813e+00
-3.6026438360244883e-01
-1.8240171454681731e-01
6.4594174001979709e-01
2.0447168442554249e+00
2.7322341766630247e+00
2.6310515892694761e+00
2.9055922508341654e+00
2.9445798608190183e+00
2.8347006271378516e+00
-2.6445484228711913e-01
-4.4186390955459620e-01
-4.3776416135227181e-01
3.4745738305736338e+00
3.4488521116166386e+00
3.5843235631494883e+00
3.5261032154595107e+00
3.4525568788826875e+00
3.6191370192571690e+00
-1.6262495807086830e-01
-1.7868268688770939e-01
6.3221679626544347e-01
2.1654632348242773e+00
2.7349126786758902e+00
2.6303998765974921e+00
2.9603373007148841e+00
3.0660894947053046e+00
2.8379025415888131e+00
-2.6387285811909278e-01
-4.5240007321215048e-01
-4.3804358280800537e-01
3.4745280330743591e+00
3.4491114536087824e+00
3.6432941895983877e+00
3.5264900892862223e+00
3.4531051297656106e+00
3.6370280925789809e+00
-3.6026438360244839e-01
-1.8240171454681642e-01
6.4594174001979621e-01
2.0447168442554240e+00
2.7322341766630256e+00
2.6310515892694779e+00
2.9055922508341649e+00
2.9445798608190188e+00
2.8347006271378499e+00
-2.6445484228711735e-01
-4.4186390955459576e-01
-4.3776416135227181e-01
3.4745738305736338e+00
3.4488521116166391e+00
3.5843235631494874e+00
3.5261032154595107e+00
3.4525568788826857e+00
3.6191370192571695e+00
-1.6262495807086852e-01
-1.7868268688770761e-01
6.3221679626544525e-01
2.1654632348242773e+00
2.7349126786758902e+00
2.6303998765974930e+00
2.9603373007148841e+00
3.0660894947053041e+00
2.8379025415888126e+00
-2.6387285811909167e-01
-4.5240007321215003e-01
-4.3804358280800537e-01
3.4745280330743578e+00
3.4491114536087824e+00
3.6432941895983872e+00
3.5264900892862219e+00
3.4531051297656097e+00
3.6370280925789813e+00
-3.6026438360244883e-01
-1.8240171454681686e-01
6.4594174001979532e-01
2.0447168442554249e+00
2.7322341766630238e+00
2.6310515892694770e+00
2.9055922508341654e+00
2.9445798608190183e+00
2.8347006271378516e+00
-2.6445484228711935e-01
-4.4186390955459576e-01
-4.3776416135227203e-01
3.4745738305736338e+00
3.4488521116166391e+00
3.5843235631494883e+00
3.5261032154595098e+00
