%Mat Object: 32 MPI processes
%  type: mpiaij
% Size = 576 2304 
% Nonzeros = 2304 
zzz = zeros(2304,3);
zzz = [
1 1  1.0000000000000000e+00
1 2  1.0000000000000000e+00
1 3  1.0000000000000000e+00
1 4  1.0000000000000000e+00
2 5  1.0000000000000000e+00
2 6  1.0000000000000000e+00
2 7  1.0000000000000000e+00
2 8  1.0000000000000000e+00
3 9  1.0000000000000000e+00
3 10  1.0000000000000000e+00
3 11  1.0000000000000000e+00
3 12  1.0000000000000000e+00
4 13  1.0000000000000000e+00
4 14  1.0000000000000000e+00
4 15  1.0000000000000000e+00
4 16  1.0000000000000000e+00
5 17  1.0000000000000000e+00
5 18  1.0000000000000000e+00
5 19  1.0000000000000000e+00
5 20  1.0000000000000000e+00
6 21  1.0000000000000000e+00
6 22  1.0000000000000000e+00
6 23  1.0000000000000000e+00
6 24  1.0000000000000000e+00
7 25  1.0000000000000000e+00
7 26  1.0000000000000000e+00
7 27  1.0000000000000000e+00
7 28  1.0000000000000000e+00
8 29  1.0000000000000000e+00
8 30  1.0000000000000000e+00
8 31  1.0000000000000000e+00
8 32  1.0000000000000000e+00
9 33  1.0000000000000000e+00
9 34  1.0000000000000000e+00
9 35  1.0000000000000000e+00
9 36  1.0000000000000000e+00
10 37  1.0000000000000000e+00
10 38  1.0000000000000000e+00
10 39  1.0000000000000000e+00
10 40  1.0000000000000000e+00
11 41  1.0000000000000000e+00
11 42  1.0000000000000000e+00
11 43  1.0000000000000000e+00
11 44  1.0000000000000000e+00
12 45  1.0000000000000000e+00
12 46  1.0000000000000000e+00
12 47  1.0000000000000000e+00
12 48  1.0000000000000000e+00
13 49  1.0000000000000000e+00
13 50  1.0000000000000000e+00
13 51  1.0000000000000000e+00
13 52  1.0000000000000000e+00
14 53  1.0000000000000000e+00
14 54  1.0000000000000000e+00
14 55  1.0000000000000000e+00
14 56  1.0000000000000000e+00
15 57  1.0000000000000000e+00
15 58  1.0000000000000000e+00
15 59  1.0000000000000000e+00
15 60  1.0000000000000000e+00
16 61  1.0000000000000000e+00
16 62  1.0000000000000000e+00
16 63  1.0000000000000000e+00
16 64  1.0000000000000000e+00
17 65  1.0000000000000000e+00
17 66  1.0000000000000000e+00
17 67  1.0000000000000000e+00
17 68  1.0000000000000000e+00
18 69  1.0000000000000000e+00
18 70  1.0000000000000000e+00
18 71  1.0000000000000000e+00
18 72  1.0000000000000000e+00
19 73  1.0000000000000000e+00
19 74  1.0000000000000000e+00
19 75  1.0000000000000000e+00
19 76  1.0000000000000000e+00
20 77  1.0000000000000000e+00
20 78  1.0000000000000000e+00
20 79  1.0000000000000000e+00
20 80  1.0000000000000000e+00
21 81  1.0000000000000000e+00
21 82  1.0000000000000000e+00
21 83  1.0000000000000000e+00
21 84  1.0000000000000000e+00
22 85  1.0000000000000000e+00
22 86  1.0000000000000000e+00
22 87  1.0000000000000000e+00
22 88  1.0000000000000000e+00
23 89  1.0000000000000000e+00
23 90  1.0000000000000000e+00
23 91  1.0000000000000000e+00
23 92  1.0000000000000000e+00
24 93  1.0000000000000000e+00
24 94  1.0000000000000000e+00
24 95  1.0000000000000000e+00
24 96  1.0000000000000000e+00
25 97  1.0000000000000000e+00
25 98  1.0000000000000000e+00
25 99  1.0000000000000000e+00
25 100  1.0000000000000000e+00
26 101  1.0000000000000000e+00
26 102  1.0000000000000000e+00
26 103  1.0000000000000000e+00
26 104  1.0000000000000000e+00
27 105  1.0000000000000000e+00
27 106  1.0000000000000000e+00
27 107  1.0000000000000000e+00
27 108  1.0000000000000000e+00
28 109  1.0000000000000000e+00
28 110  1.0000000000000000e+00
28 111  1.0000000000000000e+00
28 112  1.0000000000000000e+00
29 113  1.0000000000000000e+00
29 114  1.0000000000000000e+00
29 115  1.0000000000000000e+00
29 116  1.0000000000000000e+00
30 117  1.0000000000000000e+00
30 118  1.0000000000000000e+00
30 119  1.0000000000000000e+00
30 120  1.0000000000000000e+00
31 121  1.0000000000000000e+00
31 122  1.0000000000000000e+00
31 123  1.0000000000000000e+00
31 124  1.0000000000000000e+00
32 125  1.0000000000000000e+00
32 126  1.0000000000000000e+00
32 127  1.0000000000000000e+00
32 128  1.0000000000000000e+00
33 129  1.0000000000000000e+00
33 130  1.0000000000000000e+00
33 131  1.0000000000000000e+00
33 132  1.0000000000000000e+00
34 133  1.0000000000000000e+00
34 134  1.0000000000000000e+00
34 135  1.0000000000000000e+00
34 136  1.0000000000000000e+00
35 137  1.0000000000000000e+00
35 138  1.0000000000000000e+00
35 139  1.0000000000000000e+00
35 140  1.0000000000000000e+00
36 141  1.0000000000000000e+00
36 142  1.0000000000000000e+00
36 143  1.0000000000000000e+00
36 144  1.0000000000000000e+00
37 145  1.0000000000000000e+00
37 146  1.0000000000000000e+00
37 147  1.0000000000000000e+00
37 148  1.0000000000000000e+00
38 149  1.0000000000000000e+00
38 150  1.0000000000000000e+00
38 151  1.0000000000000000e+00
38 152  1.0000000000000000e+00
39 153  1.0000000000000000e+00
39 154  1.0000000000000000e+00
39 155  1.0000000000000000e+00
39 156  1.0000000000000000e+00
40 157  1.0000000000000000e+00
40 158  1.0000000000000000e+00
40 159  1.0000000000000000e+00
40 160  1.0000000000000000e+00
41 161  1.0000000000000000e+00
41 162  1.0000000000000000e+00
41 163  1.0000000000000000e+00
41 164  1.0000000000000000e+00
42 165  1.0000000000000000e+00
42 166  1.0000000000000000e+00
42 167  1.0000000000000000e+00
42 168  1.0000000000000000e+00
43 169  1.0000000000000000e+00
43 170  1.0000000000000000e+00
43 171  1.0000000000000000e+00
43 172  1.0000000000000000e+00
44 173  1.0000000000000000e+00
44 174  1.0000000000000000e+00
44 175  1.0000000000000000e+00
44 176  1.0000000000000000e+00
45 177  1.0000000000000000e+00
45 178  1.0000000000000000e+00
45 179  1.0000000000000000e+00
45 180  1.0000000000000000e+00
46 181  1.0000000000000000e+00
46 182  1.0000000000000000e+00
46 183  1.0000000000000000e+00
46 184  1.0000000000000000e+00
47 185  1.0000000000000000e+00
47 186  1.0000000000000000e+00
47 187  1.0000000000000000e+00
47 188  1.0000000000000000e+00
48 189  1.0000000000000000e+00
48 190  1.0000000000000000e+00
48 191  1.0000000000000000e+00
48 192  1.0000000000000000e+00
49 193  1.0000000000000000e+00
49 194  1.0000000000000000e+00
49 195  1.0000000000000000e+00
49 196  1.0000000000000000e+00
50 197  1.0000000000000000e+00
50 198  1.0000000000000000e+00
50 199  1.0000000000000000e+00
50 200  1.0000000000000000e+00
51 201  1.0000000000000000e+00
51 202  1.0000000000000000e+00
51 203  1.0000000000000000e+00
51 204  1.0000000000000000e+00
52 205  1.0000000000000000e+00
52 206  1.0000000000000000e+00
52 207  1.0000000000000000e+00
52 208  1.0000000000000000e+00
53 209  1.0000000000000000e+00
53 210  1.0000000000000000e+00
53 211  1.0000000000000000e+00
53 212  1.0000000000000000e+00
54 213  1.0000000000000000e+00
54 214  1.0000000000000000e+00
54 215  1.0000000000000000e+00
54 216  1.0000000000000000e+00
55 217  1.0000000000000000e+00
55 218  1.0000000000000000e+00
55 219  1.0000000000000000e+00
55 220  1.0000000000000000e+00
56 221  1.0000000000000000e+00
56 222  1.0000000000000000e+00
56 223  1.0000000000000000e+00
56 224  1.0000000000000000e+00
57 225  1.0000000000000000e+00
57 226  1.0000000000000000e+00
57 227  1.0000000000000000e+00
57 228  1.0000000000000000e+00
58 229  1.0000000000000000e+00
58 230  1.0000000000000000e+00
58 231  1.0000000000000000e+00
58 232  1.0000000000000000e+00
59 233  1.0000000000000000e+00
59 234  1.0000000000000000e+00
59 235  1.0000000000000000e+00
59 236  1.0000000000000000e+00
60 237  1.0000000000000000e+00
60 238  1.0000000000000000e+00
60 239  1.0000000000000000e+00
60 240  1.0000000000000000e+00
61 241  1.0000000000000000e+00
61 242  1.0000000000000000e+00
61 243  1.0000000000000000e+00
61 244  1.0000000000000000e+00
62 245  1.0000000000000000e+00
62 246  1.0000000000000000e+00
62 247  1.0000000000000000e+00
62 248  1.0000000000000000e+00
63 249  1.0000000000000000e+00
63 250  1.0000000000000000e+00
63 251  1.0000000000000000e+00
63 252  1.0000000000000000e+00
64 253  1.0000000000000000e+00
64 254  1.0000000000000000e+00
64 255  1.0000000000000000e+00
64 256  1.0000000000000000e+00
65 257  1.0000000000000000e+00
65 258  1.0000000000000000e+00
65 259  1.0000000000000000e+00
